24
256
512
1088.10
192
192.10
672
320
384
448
640
132
288
736.20
704
544.30
192
864.30
288
1088.40
384
1088.40
512
                                          
   777777777777777777777777777777777777   
   7                               7""7   
   7                               7""7   
   7                               7""7   
   7                               7777   
   7                                      
   7        7777777777777                 
   7        7"""""""""""7                 
   7        7"""""""""""7                 
   7        7"""""""""""7777777           
   7        7"""""""""""""""""7           
   7        7"""""""""""""""""7           
   7        7"""""""""""""""""7           
   7        7"""""""""""""""""7           
   7        7"""""""""""""""""7           
   7777777777777777777777777777           
                                          
                                          
                                          
                                          
                              777777777   
                                          
                                          
