24
480
576
224.10
384
1120
128
64
192
1216
384
352
384
544
688
896.20
128
864.20
448
800.40
672
256.40
704
                                          
                                          
                                          
                                          
                                          
                                          
       ####           (&&&&'              
                 %&&&&'                   
                                          
             ##                           
                                          
                                          
              %&&&&&&&&&&'      ###       
                                          
                                          
                                          
                                          
                  (&QRRRS&&'              
        lmmn&&&&&&'                       
                                          
                                          
                                          
                                          
                                          
