0000 0105 0377 0433 0101 0129 0000 0000 0000 0000 0104 0395 0288 0196 0222 0103 0000 0000 0140 0161 0242 0138 0324 0000 0000 0000
0000 0162 0204 0374 0113 0221 0000 0000 0000 0000 0217 0166 0066 0276 0385 0157 0000 0000 0150 0102 0137 0127 0297 0000 0000 0000
0000 0278 0447 0145 0173 0351 0000 0000 0000 0000 0371 0334 0420 0188 0081 0203 0000 0000 0382 0149 0442 0449 0068 0000 0000 0000
0000 0448 0216 0239 0179 0178 0000 0000 0000 0000 0251 0391 0120 0067 0439 0213 0000 0000 0000 0000 0000 0000 0000 0000 0000 0000
0000 0000 0000 0000 0000 0000 0000 0000 0000 0000 0000 0000 0000 0000 0000 0000 0000 0000 0000 0000 0000 0000 0000 0000 0000 0000
0000 0000 0000 0000 9999 0000 0000 0001 0005 0019 0022 0053 0040 0051 0007 0046 0020 0032 0050 0029 0000 0000 9999 0000 0000 0000
0000 0000 0000 0000 0000 0000 0000 0125 0047 0055 0017 0045 0030 0002 0008 0038 0059 0010 0011 0065 0000 0000 0000 0000 0000 0000
0000 0331 0075 0332 0441 0089 0000 0037 0035 0026 0023 0009 0025 0012 0044 0004 0043 0033 0006 0016 0000 0090 0091 0156 0273 0000
0000 0236 0237 0170 0191 0163 0000 0003 0013 0048 0062 0027 0054 0052 0031 0028 0042 0056 0058 0036 0000 0096 0280 0205 0099 0000
0000 0100 0268 0169 0226 0069 0000 0049 0064 0057 0039 0063 0024 0014 0041 0363 0021 0018 0034 0015 0000 0259 0219 0197 0260 0000
