2
Legal
0000 0000 0000 0000 0000 0000 0000 0000 0000 0000
0000 0000 0000 0000 0000 0000 0000 0000 0000 0000
0161 0002 0003 0030 0026 0027 0041 0047 0048 0070
0078 0071 0072 0064 0091 0093 0113 0105 0129 0130
0068 0168 0171 0198 0202 0221 0148 0125 0127 9999
0000 0000 0000 0000 0000 0000 0000 0000 0000 0000
Doubles
0071 0086 0047 0048 0071 0111 0114 0115 0169 0000
0000 0000 0000 0000 0000 0000 0000 0000 0000 0000
0000 0000 0000 0000 0000 0000 0000 0000 0000 0000
0000 0000 0000 0000 0000 0000 0000 0000 0000 0000
0000 0000 0000 0000 0000 0000 0000 0000 0000 0000
0000 0000 0000 0000 0000 0000 0000 0000 0000 0000
0000 9999