24
128
608
144
336
304
544
640
272
1200
240
944
80
800
688
1264
528
544
48
544
368
448
288
                                          
                  7                       
                  7                       
                  7                       
                  7                       
                  7                       
                  7                       
            7777  7                       
               7  7                       
               7  777          1!!!2      
               7  7           1A   @2     
  77777        7  7          1A     @2    
               7  7          777777777    
               7  7          7"""""""7    
               7  7          777777777    
       77777   7  7       ###             
                                          
                                          
                     777))777777   777    
  7777777777         7"7                  
  7""""""""7         7"7                  
  7777777777         7"7                  
                     7777777              
                                          
