24
480
608
368
368
608
224
1168
448
736
480
224
592
48
384
1008
80
1296
224
256
64
0
0
                                          
                                          
                                          
                                          
   7                                      
   7             1!!!!!                   
   7       ######7                        
                 7                        
                 7        777             
                 7                        
                 7                        
      7777   7###                 77777   
             7                    7   7   
             7                        7   
             7          77777         7   
         NOOOP   777              7   7   
                 7                77777   
                 7                        
                 7                        
           7777777                        
                                          
                                          
                                          
                                          
