20
384
512
512
160
464
304
768
480
992
496
992
160
784
80
720
256
160
480
48
304
128
112
                                  
                                  
                                  
              %&&&'       4558    
              8              8    
              8              8    
              8              8    
              8           456     
                                  
                    %&&&'         
                                  
                                  
                                  
                456               
                           (&'56  
                          (&&'    
    %&NOOP&&&&'     %&&&&&&&&'    
                                  
                                  
                                  
