20
512
320
320
304
768
304
544
416
560
144
304
544
832
496
64
80
1024
80
320
80
320
144
                                  
                                  
                                  
         CD                       
         EF                       
         %&&&&&&&'                
                                  
                     (556         
                    ('            
                   (&'            
         %&&QRRS&&QRRS&&'         
                                  
                                  
                                  
                                  
         %&&&&&NOOP&&&&&'         
                                  
                                  
                                  
                                  
